1000
80081 -39577 -178
-31323 -95846 104
30521 83951 617
81382 53849 746
76928 -79430 977
-67533 89097 -481
-36548 68286 533
63851 -75334 887
97064 98879 -76
73043 -93997 -616
-75998 50854 -127
-31774 28607 -898
-74635 27243 -799
15902 -42745 334
20111 77255 -352
12896 75333 -710
-60400 -62713 545
-84181 -52540 740
-77914 59744 977
13982 27001 333
-14205 107 611
56180 72206 44
-15874 -52192 777
-48688 13811 -966
-65338 2552 -931
-34393 40523 860
88472 -4399 341
89849 -46867 788
-46504 22016 848
42411 -64868 923
-92731 51665 -184
7133 47048 651
-27145 4175 -290
-50398 13409 659
-38257 74009 -895
-98479 66443 -862
-47455 -93982 -930
20396 -18064 -709
-50718 55640 -337
89087 13109 482
61331 -18497 -604
31272 2138 -954
-82918 78654 -154
-44194 -35278 -829
-29082 14645 174
-13393 2192 -1000
-11230 79382 -889
11165 -67370 215
90319 31736 -826
-33281 -90783 6
-43930 -78097 -988
18155 -43944 937
61778 35810 -285
-16390 -85703 233
-90410 72354 -688
-78115 84920 527
-33543 -71206 -979
-39502 -68717 -612
-85498 -7641 -687
-71377 -45232 -118
42491 -71326 -886
-97009 -11866 134
95766 42326 409
33236 -38413 114
31442 44057 -246
13629 94700 -169
-74359 -36070 -151
-94489 72407 -541
-90565 -20188 -517
12496 70441 196
36380 -34303 929
-46069 -69253 -448
-48541 55550 -871
-63928 65282 -739
-47377 -29576 -631
5327 79474 21
-87694 -68724 -616
-95434 7893 -147
10733 59339 677
35675 57533 956
605 78357 -934
40403 34911 641
83733 -51934 498
28129 -60997 -272
37478 -12027 698
2018 -50486 683
74261 -23986 -904
-604 -27166 -928
43144 -51604 -793
8128 -39991 -615
27662 94421 127
-73282 74447 173
30071 -30289 -346
-21365 -62701 152
51392 -42574 878
-84841 39694 -49
-88856 35637 -304
-90613 -14776 -248
99050 -84778 -529
65189 23828 -499
14346 -38788 -217
32439 -61299 936
-85597 30041 701
-20181 59178 -105
-21328 35636 722
-19576 -39850 713
-64105 -92140 728
-16144 -90010 -491
-72595 12047 -706
-1828 -904 -149
-10018 -98698 449
52671 16619 380
-82819 8873 426
-71084 54983 563
-15728 50453 -786
78672 33262 260
66475 78538 -127
-86015 -37366 -820
72293 25192 551
-21535 -19773 -64
-98120 -71720 -598
91464 -8509 -39
98697 -61572 -448
76916 51491 854
-97594 86273 605
-90388 -77195 -706
-23440 15763 -333
-33267 24695 131
-7255 31481 44
-54448 -42950 -623
84437 87458 -540
79615 91577 -742
-67783 -6911 -379
-64004 21755 305
42776 -26584 997
-50602 25972 -80
93440 26993 -760
-81055 -55210 635
-12555 85750 515
45183 -26751 -52
45264 88655 71
-64303 1577 73
13944 -61672 740
75779 -8471 -949
-85720 32997 275
52829 79615 689
21488 4031 917
77456 73874 134
92514 22634 539
45742 -12315 913
86169 15458 -703
-71962 -9752 235
39848 30914 -593
43446 -80976 -962
-42445 13481 -273
50568 24465 65
48776 93637 -814
-15348 -74963 35
-2037 52019 399
53830 -20189 -574
-28225 -57908 -25
41664 -60954 -285
32056 99206 626
-31384 39251 -94
-2182 46361 431
98427 -49375 242
-20887 -38426 -727
-35862 29457 -509
50508 88787 -615
-58734 -10156 -815
15176 -13429 -634
-9313 12328 508
84419 -15478 966
40696 5956 329
87677 36292 -121
47882 -49120 384
47462 25301 -13
-91303 95969 371
75665 10523 26
22700 -80083 -1000
-21004 -18097 218
62348 -79684 -740
68249 39914 -832
-42901 -31246 380
-93790 20924 -19
-45313 -66281 382
-29110 19469 796
-80419 28255 -565
-69114 48602 -640
3530 -31837 824
-27829 -15662 -333
98228 -83527 31
22640 -61858 -299
25088 -38815 203
-22852 15053 -43
94238 93510 917
95252 -59085 -241
-16357 -84766 -310
53089 -748 497
-46670 43432 -946
60479 57944 36
35976 14111 -565
-81521 12663 500
95966 -67012 511
-78580 -67422 -681
47473 -76882 488
7274 -69049 -241
30362 90920 263
90135 -90328 -681
57 -27655 -652
-73666 -13273 -698
83333 72978 610
-27950 -12271 -724
-89554 -47104 426
93518 -25582 -392
-24781 -9874 660
93005 -92872 495
2978 -20619 569
83999 -13489 644
13512 24980 878
68675 -60757 -547
16202 80696 -765
-82249 3985 -60
-96299 -99137 -358
79803 35054 305
-41776 52370 731
-33286 -75036 23
-49852 96616 -223
38258 61080 -889
36239 23198 419
-99745 13156 902
-63227 64043 632
73226 -38668 -715
-50767 -2865 -484
55006 -29110 279
83990 -72118 645
14846 97322 462
71164 -8662 -212
6089 -74725 12
-61399 85128 -7
27584 -97180 -934
-74650 -75655 -173
42566 83126 265
47790 86100 -912
419 -50467 176
-6806 61431 122
81746 -30658 -879
60596 6831 -941
-38290 -59764 116
-6973 -88404 -799
-55990 72464 131
-11740 -78826 -409
11597 47543 395
43211 -71977 196
12305 -77860 -13
-68809 -8903 365
-65680 85799 -652
-73048 -66187 842
-41719 50027 -310
-35755 -35568 -931
-64393 75419 506
95188 -55099 208
-48535 18482 185
17018 57086 -745
-61577 -17872 -895
38124 -93539 208
-37888 -51572 242
-5860 52583 -905
-55855 -12478 -697
14314 44948 881
-17959 -81382 91
-2008 -32207 -563
-63721 1986 -283
80360 38240 8
77156 -97258 44
59769 -89032 546
82817 68723 -56
53497 -62800 335
-11753 96485 392
44873 1955 -103
58487 -90223 -427
85223 -5809 -921
-3947 11615 -797
20447 90578 -556
-69091 -98881 -97
-14170 84623 -586
59180 37308 -436
30560 18098 618
15556 -90361 -328
32113 -5431 -1000
-15824 -31045 926
-89763 77024 -742
74369 98875 -560
55157 37706 -876
-19006 82344 618
-12389 6995 537
-31585 -57088 416
-30984 90995 731
12233 -35929 446
-63615 -20710 -737
-57499 35956 -697
39168 -26422 -11
50594 46175 -400
94145 17634 949
-26023 -1125 965
-83473 -46012 -523
17387 77606 863
26 -82437 -463
33360 -93556 -316
1574 34577 719
58925 -45162 -469
41120 90692 -511
74253 48260 793
-70639 -93707 -193
67718 93599 -199
85135 79373 -845
59372 8519 -601
40622 17351 -997
-14863 44282 -44
3372 76211 524
-72598 -71104 -76
-73540 -36715 -649
28448 71369 845
-39853 55922 -646
-47435 -33479 -94
84031 11804 938
40361 -30862 -414
-86758 -64158 -605
86925 37235 671
-46006 -90790 -998
16960 -68130 881
88202 -19519 146
81668 42311 -436
95535 -14521 606
-11488 6740 -1000
-68263 -63567 477
-82639 -59918 378
30673 -31586 -103
-24145 -36369 73
-86094 -14690 -970
-63437 -74236 -760
-54670 76387 518
21280 -44536 83
-92369 76484 160
-81799 31886 -103
-86323 -76785 -916
-83213 79787 860
-48679 24395 -229
-67009 -85409 311
19686 3836 -880
-71533 27959 283
56492 -42461 -232
10449 29729 -650
-22501 -73915 836
11594 -30680 -567
-88860 8524 -39
-45672 -72583 566
79541 -93199 794
71660 60288 -325
-89638 26200 -781
-46344 67238 533
-65920 71681 -814
37910 -43087 158
-78730 95437 518
49021 70423 470
-42382 49999 26
-55354 -15512 287
-17311 -47845 767
53411 5234 94
-12902 -6526 -601
35333 16790 -13
-72151 -63460 473
53388 17873 -886
78981 10499 -172
-60451 -2496 -700
46373 -6703 -925
-97006 18427 189
59727 -90017 -427
78455 -36868 779
-12879 -98575 530
11382 -88437 -784
83792 29243 -568
-78928 -94270 857
63629 -41008 -978
40139 -92875 131
59387 47684 468
-22657 9536 -952
66173 2879 -201
-23403 -2995 358
-41794 60644 -727
89147 24066 -295
-46041 36950 -712
-6679 5784 -216
96218 54180 -826
29678 83266 -370
-39856 14972 -826
74894 -33109 -808
-28030 -91690 515
-78810 94133 -446
3041 -97264 218
-38691 -52335 334
49649 -82885 -889
-10699 -71950 -805
-54456 23039 -2
96583 75185 -792
-72069 -25141 -336
58679 65933 349
-82560 49196 440
78902 -42523 910
-56650 91409 -79
-18160 11510 221
47594 45836 -620
-60973 92657 140
46810 53186 -79
-43669 -51377 -652
31482 -39388 -565
3168 39197 341
-41488 -96267 -32
-31990 44297 2
-28345 -59947 865
92276 75222 -346
-17476 -82804 -535
-15535 -99211 -362
99934 82822 194
29969 -30781 -262
45253 -62960 -307
-70678 66578 929
65507 -18964 749
15160 -26502 972
-10429 32777 -64
48952 49862 -434
-28077 -1231 -70
64502 -3483 -241
44804 54751 -256
-60063 21902 614
-59095 92894 986
-44038 78474 -988
44027 -58728 -361
-1858 61973 65
-19896 -23641 -352
-57958 -62834 890
77619 -38908 467
81113 75461 -740
22332 59018 -879
-19945 -90510 -871
26721 -28447 236
-45544 -94675 -517
11162 -60004 482
58757 98735 932
-24838 -28141 365
28988 21737 -877
10521 91970 848
60710 68610 -612
-90186 -29833 5
72217 84875 932
94817 -81496 -220
36278 1271 996
44429 -15403 -319
16421 -77866 -712
-11767 11445 -340
5669 32519 242
-28898 60825 -301
65078 -41429 -871
-34576 80724 593
24259 -44506 -754
10532 -95573 407
-21375 44834 -523
-23335 44540 740
51458 81826 -304
45107 15035 803
-19012 40340 192
82508 10870 -916
-95044 14150 -925
-97567 92880 441
-31921 -80414 -565
99023 15224 740
-72022 60371 -692
-17245 33089 -739
-3451 -49981 -238
33215 84248 984
-6598 -67534 595
-30628 -11370 -348
19805 -37423 383
-93643 -17077 605
53397 -36088 -664
-26137 45007 932
8000 -6898 392
-86935 98474 -586
29297 -74761 68
-72079 49019 674
92206 -64471 -739
-64561 -7166 -551
-53179 95854 971
14438 97724 771
-90400 -90843 710
-52567 -24137 88
-34183 60956 -940
18119 -84313 -174
88112 77850 149
-84411 -48133 -649
97292 -50448 653
34907 34709 695
47969 55520 804
-13114 -96688 716
5072 40512 173
59729 49844 -307
-99451 -93200 665
25481 61333 419
6728 -66511 581
90614 57980 -481
-62077 -76078 495
22526 82129 -28
-9658 -75243 -678
-78406 -73906 -322
-25714 -13903 711
-72257 -15493 -931
-97681 9989 392
-94651 -91492 932
-43256 85343 -151
12049 -35925 -477
-83918 -54204 758
17231 -64163 581
93587 89960 -118
-68085 -78376 35
50240 -29955 638
-1849 44358 812
-68050 -62898 -6
63399 38216 -116
-33499 97517 944
17944 -11242 460
-95316 36354 29
-27454 95558 -954
11319 4501 581
80276 79310 49
18171 -70360 932
25867 58856 170
35417 11989 -709
-13489 89816 -173
58148 64442 419
-28317 -29841 -493
95315 -94768 83
60229 -11677 -971
25712 82685 224
37339 93668 -703
-27908 -51829 908
51444 -5513 -472
-91615 5183 -385
28596 94318 -838
78868 97669 -307
-81430 -67720 -561
88199 85916 35
16916 95384 -673
54067 -69139 -241
38012 -81433 -193
-63769 -78904 449
65006 44252 272
-80991 -40789 -127
-26041 -82138 35
31085 -88207 542
4130 53076 365
97463 43607 -868
39566 42356 -58
14729 30794 89
-40222 -69184 -637
-64225 47921 -1000
82236 -28499 975
32276 -88382 82
36622 -73283 413
-62486 -97719 -749
66651 95696 -445
67253 -60073 833
-87824 81475 550
-72383 32430 -286
23803 59108 -29
-3265 58287 650
29345 72440 -430
-72694 -77587 -901
93392 -4951 38
80501 -95602 -144
-76506 96813 374
78347 77394 651
35294 -47023 -630
94853 -66682 759
-48967 -64912 -222
1571 19075 4
32111 -94942 -853
-33799 -20749 -10
-70952 94142 380
92312 -21259 728
-8269 -58498 245
-7279 32026 -851
-92863 -78455 467
76227 -42376 170
-58639 -56458 746
17512 -73075 773
-74354 95591 653
-70311 -86674 -241
-63904 17059 480
-55237 90932 727
-67036 -58966 -598
-78163 24383 -172
32538 55952 -472
-61808 -9580 -229
80419 -73219 -204
88531 -65068 613
-99889 -57180 557
-84928 75503 807
83072 3473 -580
-90074 -70156 -454
37808 36576 334
27695 -23441 -808
-31003 50193 926
-30583 -60816 -340
51383 37048 965
-73930 -71695 590
-56101 96389 -292
16853 -45976 -919
-5275 55805 -589
-89075 13795 425
-58678 -68356 -898
-69281 -74134 614
34910 20789 141
71606 -15736 371
15028 -56680 242
74063 -46702 -917
-42064 28829 719
-42260 -60316 -575
81248 21956 978
70853 -18493 -205
23741 -55642 386
-98093 61859 -282
-24289 -60319 -500
-70177 53717 947
-46825 70766 -247
24305 -35159 -919
-35791 64192 329
78308 -32011 566
-35215 -82306 -658
96077 -38672 -899
38708 -45660 219
57758 -19353 -895
25856 -95695 109
60885 -5071 -271
-96322 85463 633
-93712 -39389 -425
-32117 -59132 -913
27278 -98806 955
49277 11794 -275
54822 76661 749
72362 71993 -225
-31318 -42659 548
-65534 -69865 -865
13274 -62272 -862
29090 -30391 740
-75754 61389 248
-93210 93314 -958
36017 -80620 813
-16189 -65919 932
-36478 -10666 -183
-76336 78757 855
-4270 -39994 475
-58484 -59674 -340
89678 70888 -991
-20581 82814 143
15518 -89986 734
71642 -92477 334
7073 22445 -1000
97277 -13339 -418
26078 91016 -418
-23880 28533 -594
-61342 -22438 -397
52157 99881 155
51269 -37561 -196
45357 -71863 269
-87550 -62005 440
30911 -12026 601
80333 39752 720
-98963 86711 104
-85063 -10618 243
-61975 34288 35
-71086 2530 607
23887 45752 -145
-81758 52145 449
75285 55907 -1000
245 -48802 -916
71878 74159 926
-56686 97801 -652
-37891 -68653 137
75782 -256 683
-63977 64298 -955
70103 14514 428
66974 45533 518
-90698 80590 -730
-91380 -36430 44
85716 50294 -931
-69418 54908 420
-58546 -4321 455
-27979 -20310 311
-21506 -3820 944
-41919 21272 -623
-92617 46742 -739
-35845 -93817 -886
33365 -31597 -560
-84382 77153 194
30629 -5677 -652
-2959 5579 848
16495 -39914 608
86609 68972 315
19466 22022 791
87703 2609 -40
2369 53054 -724
632 33140 443
-47473 -24586 -500
-97716 57250 85
41808 63167 -884
-89025 -33920 98
-4912 41869 -658
19220 -52045 -826
-3502 -15772 -72
-29074 50191 -568
87890 -37633 371
28118 -74776 449
-5517 26393 104
-47385 42507 673
-69629 -58852 977
-47083 68624 914
-36805 57131 131
63887 -18667 638
-65828 77027 203
-97243 66890 -928
40183 -83812 -718
99551 83270 -724
49267 30686 380
-53569 70005 242
-55635 38174 46
13184 -44410 296
49367 16709 251
-24803 91511 564
15452 -52104 638
-49466 -26833 -982
-73801 -41200 287
-46963 80705 288
5342 -23161 -862
95483 16151 -640
-31600 58802 389
54855 -70894 32
36065 -41563 953
35081 66830 -167
14984 -14014 311
-61969 32399 392
51221 98230 926
64334 14828 656
8048 38564 -454
-28506 -69631 370
-55290 -84682 682
-37509 29897 -594
31517 27958 386
-8703 -4394 -307
87559 -46 -946
-63473 67457 -576
5680 2153 -511
-66949 50214 119
35441 5303 698
23349 -98236 522
90857 95123 -403
-54646 52232 308
73247 18260 -347
-79343 6278 697
-98950 67511 5
62798 -1369 -631
-72754 75206 953
59996 7495 -148
-56872 299 -394
-11722 -74086 -710
91592 -68701 863
-52678 84377 690
92663 -3324 542
-40549 -39004 101
55786 38687 -551
90221 -58761 -319
-25183 49232 -883
-90521 39956 -397
-17929 16098 293
-72030 -75699 398
-7507 -45391 -415
2972 63485 308
19846 56084 -946
38063 50315 771
50984 -94330 281
58040 47315 -85
58955 2080 380
61046 23633 206
22733 -547 -913
-2950 -30099 -410
11732 -43737 952
43025 -52076 -910
-38064 -11723 392
49430 -50785 -227
92570 -27541 35
-16384 -58588 854
82399 -13921 -180
10190 -22405 -130
34439 -75402 974
-39367 -8014 -217
-6139 -26451 275
-4423 84821 -514
84359 36404 191
1163 50312 560
56132 93683 914
-61708 40037 -325
-17671 -15917 661
-30178 51164 350
-55309 -36408 -643
40647 -65962 587
-14881 77846 77
-18605 12263 -148
-42523 -32416 665
90239 -2464 -118
-11694 -76807 170
-29912 96116 154
74462 -23777 727
-11292 97847 -241
37938 -11002 314
46250 -43176 614
50850 50789 -650
-43012 -33685 209
-25451 38087 637
-23686 -86929 131
46106 -39543 908
-18232 17081 -736
23006 9674 -145
58412 61948 -738
-62743 -65866 -901
-97573 34427 -400
-55276 -21892 -70
67425 -57715 -889
12030 -24465 641
94520 -7612 -70
-17524 60992 440
-19857 -615 -34
51929 -19567 581
-15326 65693 -213
69071 50774 921
-68047 42393 -711
41569 -97972 877
81773 58841 809
-41029 -66964 -864
-313 -2936 170
-43134 45692 -761
32007 -79174 902
57566 19601 -491
-91198 37621 581
9779 92036 -247
33419 -40555 551
76251 53135 944
-94201 51266 -333
-13097 -72331 592
25100 1701 -264
-12601 74717 656
-73418 896 368
-15406 42107 -597
-9154 13520 709
22887 -35710 -245
-98967 58380 -739
7169 19085 71
-32558 -46069 206
-85807 -56116 929
-97772 90944 -379
22052 46013 -803
-14524 -78481 -931
38369 45397 858
-66688 95032 355
48998 -56252 -436
-83345 -55852 806
44350 32603 -706
-33762 -22084 992
13007 79688 -573
38060 89367 -717
38966 -53725 872
53642 -41649 -928
-16249 70978 -262
-77341 -24981 307
-76290 47081 552
97841 30847 -211
58844 61388 -793
-95791 40754 -826
-74455 62252 -802
28382 -38243 -77
91367 63547 566
-43196 37313 599
29843 -69958 -39
21987 61616 173
-25357 76943 369
70202 -26863 200
-88924 98318 -632
-81169 -29515 -241
78377 33332 951
58922 -41191 -43
-37832 -96733 -313
43530 -28771 -428
59453 -11816 173
28004 46307 -874
-21901 68516 914
57083 -99272 -687
-1764 -28156 -862
-62524 76403 -796
438 -75136 485
72183 -97090 -463
-34806 -97597 -45
-68530 -96261 -421
70925 -48106 395
95459 -97462 -588
99147 17642 -609
-14239 31142 -971
-31249 -3883 -976
-69785 62459 392
-295 46451 -172
-16750 -86263 -249
10015 12932 -250
-15592 -14718 986
27995 36770 788
31135 1877 842
-35539 45234 131
-95899 59743 -421
72921 32208 -220
8507 23168 -811
-75551 7511 545
11231 9395 533
-87862 -66787 737
-836 1167 410
47909 -90446 482
-96346 83465 -539
18031 47723 -1000
8395 73040 493
35390 -67312 -871
8804 398 623
49709 63241 -75
-15437 95431 109
97937 6284 727
8361 20606 -481
-95610 -55549 -333
-60464 -40402 -796
-34047 -35527 -256
46548 -45737 -81
-11074 -20653 121
-43108 62648 711
38651 -39220 42
20693 74303 80
-15764 -72397 -808
-40777 70712 -362
-20491 79862 321
-22929 -33529 452
-41986 -5052 -307
30584 -18343 -451
-54973 -61635 311
-5425 -21982 536
-63434 36912 -331
-2110 -35362 117
85908 39496 595
19835 48803 23
70586 67740 809
-22022 -30051 -919
-38407 -63382 476
12833 -45952 -619
-79165 14784 -589
-57481 17758 -331
8762 -88521 88
-38779 62180 -262
-26626 37631 221
22087 743 -658
62162 42878 -1
56567 -47026 983
96959 -12355 776
-61785 -24856 836
-44069 45559 758
17605 901 -886
51017 -69307 -103
53690 -33560 275
-70658 -7599 455
-89950 1156 520
-46394 -38038 854
-87949 -2217 -997
25905 -74432 -897
71195 29111 954
55619 94706 8
-34997 -24619 997
-81643 -66405 833
96737 3267 497
-48954 -17848 673
82918 85232 777
-46918 18557 -1000
24698 -38312 -379
49556 12168 -992
-36091 93150 863
-16978 -82867 -34
-13556 -91744 901
97613 -99238 438
26821 -14134 385
46075 -69089 426
-41179 -16269 99
